92 50.0 2.27498858109873E-6
101 9.0 2.2551517438952253E-6
83 533.0 2.2351666050468694E-6
104 6.0 2.2150435183846077E-6
23 11.0 2.194792674674178E-6
95 11.0 2.1744241021271547E-6
77 17.0 2.153947666911566E-6
86 16.0 2.133373073662085E-6
50 10.0 2.112709865989799E-6
59 31.0 2.091967426991551E-6
41 8.0 2.0711549797588607E-6
32 64.0 2.0502815878864152E-6
68 52.0 2.0293561559801407E-6
53 59.0 2.0083874301648496E-6
62 17.0 1.9873839985914573E-6
35 242.0 1.9663542919437855E-6
44 35.0 1.945306583944932E-6
8 13.0 1.9242489918632194E-6
17 16.0 1.9031894770177247E-6
26 62.0 1.88213584528338E-6
80 13.0 1.8610957475956503E-6
89 19.0 1.8400766804547899E-6
98 22.0 1.8190859864296747E-6
71 3.0 1.7981308546612101E-6
11 23.0 1.7772183213653185E-6
74 12.0 1.7563552703354996E-6
56 42.0 1.7355484334449718E-6
38 6.0 1.7148043911483896E-6
29 22.0 1.694129572983136E-6
47 13.0 1.6735302580701953E-6
20 29.0 1.653012575614603E-6
2 21.0 1.6325825054054702E-6
65 4.0 1.6122458783155903E-6
5 28.0 1.5920083768006186E-6
14 7.0 1.5718755353978353E-6
106 278.0 1.5518527412244801E-6
46 32.0 1.5319452344756713E-6
100 95.0 1.5121581089218981E-6
82 61.0 1.4924963124060929E-6
91 23.0 1.472964647340283E-6
55 90.0 1.45356777120182E-6
64 9.0 1.4343101970291866E-6
73 15.0 1.4151962939173841E-6
58 52.0 1.3962302875128968E-6
67 17.0 1.377416260508237E-6
85 71.0 1.358758153136067E-6
94 35.0 1.3402597636629028E-6
40 9.0 1.321924748882394E-6
49 24.0 1.3037566246081852E-6
4 4.0 1.2857587661663553E-6
13 5.0 1.2679344088874373E-6
22 50.0 1.2502866485980175E-6
103 71.0 1.2328184421119139E-6
31 11.0 1.2155326077209342E-6
76 23.0 1.1984318256852145E-6
16 21.0 1.1815186387231375E-6
97 28.0 1.164795452500831E-6
7 12.0 1.148264536121245E-6
79 412.0 1.1319280226128117E-6
88 36.0 1.1157879094176843E-6
70 3.0 1.099846058879557E-6
43 66.0 1.0841041987310624E-6
52 82.0 1.0685639225807567E-6
25 13.0 1.0532266903996767E-6
34 44.0 1.0380938290074846E-6
61 3.0 1.0231665325581908E-6
10 11.0 1.0084458630254584E-6
37 34.0 9.93932750687487E-7
1 6.0 9.796279946114824E-7
28 17.0 9.655322631377019E-7
19 128.0 9.516460943630848E-7
60 6.0 9.379698966244644E-7
87 8.0 9.24503948981359E-7
96 23.0 9.112484016983476E-7
105 9.0 8.982032767270259E-7
69 8.0 8.85368468187544E-7
78 28.0 8.727437428497277E-7
99 3.0 8.603287406137798E-7
63 5.0 8.481229749905657E-7
90 12.0 8.361258335814801E-7
45 6.0 8.243365785578965E-7
54 4.0 8.127543471401988E-7
72 20.0 8.013781520763969E-7
81 57.0 7.902068821203231E-7
27 46.0 7.792393025094129E-7
36 7.0 7.684740554420681E-7
9 50.0 7.579096605546033E-7
18 10.0 7.475445153977745E-7
48 15.0 7.373768959128923E-7
21 22.0 7.27404956907518E-7
57 9.0 7.176267325307425E-7
12 115.0 7.080401367480494E-7
3 81.0 6.986429638157616E-7
84 9.0 6.894328887550718E-7
102 36.0 6.804074678256563E-7
93 62.0 6.715641389988731E-7
75 139.0 6.629002224305442E-7
30 18.0 6.544129209333218E-7
39 8.0 6.460993204486385E-7
66 35.0 6.379563905182429E-7
15 28.0 6.299809847553175E-7
42 24.0 6.221698413151837E-7
51 30.0 6.145195833655898E-7
33 21.0 6.070267195565839E-7
24 12.0 5.996876444899721E-7
6 3.0 5.924986391883615E-7
0 7.0 5.854558715637877E-7
